0 ; 1 ; 20 ; 6 ; 2 ; 4 ; 2 ; 18 ;

& ;

0 ; 1 ; 20 ; 6 ; 2 ; 4 ; 2 ; 18 ;
0 ; 1 ; 20 ; 6 ; 2 ; 4 ; 4 ; 18 ;

& ;

0 ; 1 ; 20 ; 6 ; 2 ; 4 ; 2 ; 18 ;
0 ; 1 ; 20 ; 6 ; 2 ; 4 ; 4 ; 18 ;
0 ; 1 ; 20 ; 6 ; 2 ; 4 ; 6 ; 18 ;

& ;

0 ; 1 ; 20 ; 6 ; 2 ; 4 ; 2 ; 18 ;
0 ; 1 ; 20 ; 6 ; 2 ; 4 ; 4 ; 18 ;
0 ; 1 ; 20 ; 6 ; 2 ; 4 ; 6 ; 18 ;
0 ; 1 ; 20 ; 6 ; 2 ; 4 ; 8 ; 18 ;

& ;

0 ; 1 ; 20 ; 6 ; 2 ; 4 ; 2 ; 18 ;
0 ; 1 ; 20 ; 6 ; 2 ; 4 ; 4 ; 18 ;
0 ; 1 ; 20 ; 6 ; 2 ; 4 ; 6 ; 18 ;
0 ; 1 ; 20 ; 6 ; 2 ; 4 ; 8 ; 18 ;
0 ; 1 ; 20 ; 6 ; 2 ; 4 ; 10 ; 18 ;

& ;

0 ; 1 ; 20 ; 6 ; 2 ; 4 ; 2 ; 18 ;
0 ; 1 ; 20 ; 6 ; 2 ; 4 ; 4 ; 18 ;
0 ; 1 ; 20 ; 6 ; 2 ; 4 ; 6 ; 18 ;
0 ; 1 ; 20 ; 6 ; 2 ; 4 ; 8 ; 18 ;
0 ; 1 ; 20 ; 6 ; 2 ; 4 ; 10 ; 18 ;
0 ; 1 ; 20 ; 6 ; 2 ; 4 ; 12 ; 18 ;

& ;

0 ; 1 ; 20 ; 6 ; 2 ; 4 ; 2 ; 18 ;
0 ; 1 ; 20 ; 6 ; 2 ; 4 ; 4 ; 18 ;
0 ; 1 ; 20 ; 6 ; 2 ; 4 ; 6 ; 18 ;
0 ; 1 ; 20 ; 6 ; 2 ; 4 ; 8 ; 18 ;
0 ; 1 ; 20 ; 6 ; 2 ; 4 ; 10 ; 18 ;
0 ; 1 ; 20 ; 6 ; 2 ; 4 ; 12 ; 18 ;
0 ; 1 ; 20 ; 6 ; 2 ; 4 ; 14 ; 18 ;

& ;

0 ; 1 ; 20 ; 6 ; 2 ; 4 ; 2 ; 18 ;
0 ; 1 ; 20 ; 6 ; 2 ; 4 ; 4 ; 18 ;
0 ; 1 ; 20 ; 6 ; 2 ; 4 ; 6 ; 18 ;
0 ; 1 ; 20 ; 6 ; 2 ; 4 ; 8 ; 18 ;
0 ; 1 ; 20 ; 6 ; 2 ; 4 ; 10 ; 18 ;
0 ; 1 ; 20 ; 6 ; 2 ; 4 ; 12 ; 18 ;
0 ; 1 ; 20 ; 6 ; 2 ; 4 ; 14 ; 18 ;
0 ; 1 ; 20 ; 6 ; 2 ; 4 ; 16 ; 18 ;

& ;

0 ; 1 ; 20 ; 6 ; 2 ; 4 ; 2 ; 18 ;
0 ; 1 ; 20 ; 6 ; 2 ; 4 ; 4 ; 18 ;
0 ; 1 ; 20 ; 6 ; 2 ; 4 ; 6 ; 18 ;
0 ; 1 ; 20 ; 6 ; 2 ; 4 ; 8 ; 18 ;
0 ; 1 ; 20 ; 6 ; 2 ; 4 ; 10 ; 18 ;
0 ; 1 ; 20 ; 6 ; 2 ; 4 ; 12 ; 18 ;
0 ; 1 ; 20 ; 6 ; 2 ; 4 ; 14 ; 18 ;
0 ; 1 ; 20 ; 6 ; 2 ; 4 ; 16 ; 18 ;
0 ; 1 ; 20 ; 6 ; 2 ; 4 ; 18 ; 18 ;

& ;

0 ; 1 ; 20 ; 6 ; 2 ; 4 ; 0 ; 18 ;
0 ; 1 ; 20 ; 6 ; 2 ; 4 ; 2 ; 18 ;
1 ; 1 ; 20 ; 6 ; 2 ; 4 ; 4 ; 18 ;
1 ; 1 ; 20 ; 6 ; 2 ; 4 ; 6 ; 18 ;
2 ; 1 ; 20 ; 6 ; 2 ; 4 ; 8 ; 18 ;
2 ; 1 ; 20 ; 6 ; 2 ; 4 ; 10 ; 18 ;
0 ; 1 ; 20 ; 6 ; 2 ; 4 ; 12 ; 18 ;
0 ; 1 ; 20 ; 6 ; 2 ; 4 ; 14 ; 18 ;
0 ; 1 ; 20 ; 6 ; 2 ; 4 ; 16 ; 18 ;
0 ; 1 ; 20 ; 6 ; 2 ; 4 ; 18 ; 18 ;

& ;
/ classe / niveau / pv / att / po / pm / posLigne / posColonne
