20 ; 1000 ;
1 ; 0 ; 0 ; 0 ; 0 ; 0 ; 0 ; 0 ; 0 ; 0 ; 0 ; 0 ; 0 ; 0 ; 0 ; 0 ; 0 ; 0 ; 1 ; 1 ;
1 ; 0 ; 0 ; 0 ; 0 ; 4 ; 0 ; 0 ; 0 ; 0 ; 0 ; 0 ; 0 ; 0 ; 0 ; 0 ; 0 ; 0 ; 1 ; 1 ;
0 ; 0 ; 0 ; 0 ; 1 ; 0 ; 0 ; 0 ; 1 ; 1 ; 1 ; 0 ; 0 ; 0 ; 0 ; 1 ; 0 ; 0 ; 1 ; 0 ;
0 ; 0 ; 0 ; 0 ; 1 ; 1 ; 0 ; 0 ; 1 ; 1 ; 1 ; 0 ; 0 ; 0 ; 0 ; 1 ; 0 ; 0 ; 1 ; 0 ;
1 ; 0 ; 0 ; 0 ; 1 ; 1 ; 0 ; 0 ; 0 ; 0 ; 1 ; 1 ; 0 ; 0 ; 0 ; 0 ; 0 ; 0 ; 0 ; 0 ;
1 ; 1 ; 0 ; 0 ; 0 ; 0 ; 0 ; 0 ; 0 ; 0 ; 0 ; 0 ; 0 ; 0 ; 0 ; 0 ; 0 ; 0 ; 0 ; 0 ;
1 ; 1 ; 1 ; 0 ; 0 ; 3 ; 0 ; 0 ; 0 ; 0 ; 1 ; 1 ; 1 ; 0 ; 0 ; 0 ; 1 ; 1 ; 0 ; 0 ;
1 ; 1 ; 1 ; 0 ; 0 ; 0 ; 0 ; 0 ; 0 ; 1 ; 1 ; 1 ; 1 ; 1 ; 0 ; 0 ; 0 ; 1 ; 1 ; 0 ;
1 ; 1 ; 1 ; 0 ; 0 ; 0 ; 0 ; 0 ; 0 ; 1 ; 1 ; 1 ; 1 ; 1 ; 0 ; 0 ; 1 ; 1 ; 1 ; 0 ;
1 ; 1 ; 1 ; 0 ; 0 ; 0 ; 0 ; 1 ; 1 ; 1 ; 1 ; 1 ; 1 ; 1 ; 0 ; 0 ; 1 ; 0 ; 0 ; 0 ;
1 ; 1 ; 0 ; 0 ; 0 ; 0 ; 0 ; 2 ; 2 ; 1 ; 1 ; 1 ; 0 ; 0 ; 0 ; 1 ; 0 ; 0 ; 0 ; 0 ;
1 ; 1 ; 0 ; 0 ; 0 ; 0 ; 0 ; 2 ; 2 ; 1 ; 1 ; 0 ; 0 ; 0 ; 0 ; 0 ; 0 ; 0 ; 0 ; 0 ;
1 ; 1 ; 0 ; 0 ; 0 ; 0 ; 0 ; 0 ; 2 ; 1 ; 1 ; 0 ; 0 ; 0 ; 0 ; 0 ; 0 ; 0 ; 0 ; 0 ;
1 ; 0 ; 0 ; 0 ; 0 ; 0 ; 0 ; 0 ; 0 ; 0 ; 0 ; 0 ; 0 ; 0 ; 0 ; 0 ; 0 ; 0 ; 0 ; 0 ;
1 ; 0 ; 0 ; 1 ; 0 ; 1 ; 0 ; 0 ; 0 ; 1 ; 1 ; 1 ; 0 ; 0 ; 0 ; 0 ; 0 ; 0 ; 0 ; 0 ;
0 ; 0 ; 0 ; 1 ; 1 ; 1 ; 0 ; 0 ; 0 ; 1 ; 0 ; 0 ; 0 ; 0 ; 0 ; 0 ; 0 ; 0 ; 1 ; 1 ;
0 ; 0 ; 0 ; 0 ; 1 ; 1 ; 0 ; 4 ; 0 ; 0 ; 0 ; 0 ; 0 ; 0 ; 0 ; 0 ; 0 ; 1 ; 1 ; 1 ;
0 ; 0 ; 0 ; 0 ; 0 ; 0 ; 0 ; 0 ; 0 ; 1 ; 0 ; 0 ; 0 ; 0 ; 0 ; 0 ; 0 ; 1 ; 1 ; 1 ;
0 ; 0 ; 0 ; 0 ; 0 ; 0 ; 0 ; 0 ; 0 ; 1 ; 1 ; 1 ; 0 ; 0 ; 0 ; 0 ; 1 ; 1 ; 1 ; 1 ;
0 ; 0 ; 0 ; 0 ; 0 ; 0 ; 0 ; 1 ; 1 ; 1 ; 1 ; 1 ; 0 ; 0 ; 0 ; 0 ; 1 ; 1 ; 0 ; 1 ;

& ;

20 ; 1200 ;
0 ; 0 ; 0 ; 0 ; 0 ; 0 ; 0 ; 0 ; 0 ; 3 ; 0 ; 0 ; 0 ; 0 ; 0 ; 0 ; 0 ; 0 ; 0 ; 0 ;
0 ; 0 ; 0 ; 0 ; 0 ; 0 ; 0 ; 0 ; 0 ; 0 ; 0 ; 2 ; 2 ; 0 ; 0 ; 0 ; 1 ; 0 ; 0 ; 0 ;
0 ; 0 ; 0 ; 0 ; 0 ; 0 ; 0 ; 0 ; 2 ; 2 ; 2 ; 2 ; 2 ; 0 ; 0 ; 1 ; 1 ; 0 ; 0 ; 0 ;
0 ; 0 ; 0 ; 0 ; 0 ; 0 ; 0 ; 0 ; 0 ; 2 ; 2 ; 2 ; 2 ; 0 ; 0 ; 0 ; 0 ; 0 ; 0 ; 0 ;
0 ; 0 ; 0 ; 0 ; 0 ; 0 ; 0 ; 0 ; 0 ; 2 ; 2 ; 2 ; 2 ; 0 ; 0 ; 0 ; 0 ; 0 ; 0 ; 0 ;
0 ; 0 ; 0 ; 0 ; 0 ; 0 ; 0 ; 0 ; 2 ; 2 ; 2 ; 2 ; 2 ; 0 ; 0 ; 0 ; 0 ; 0 ; 0 ; 0 ;
0 ; 0 ; 0 ; 0 ; 0 ; 0 ; 0 ; 0 ; 2 ; 1 ; 1 ; 1 ; 2 ; 0 ; 0 ; 0 ; 0 ; 0 ; 0 ; 0 ;
0 ; 0 ; 0 ; 0 ; 0 ; 0 ; 0 ; 1 ; 1 ; 1 ; 1 ; 1 ; 1 ; 1 ; 0 ; 0 ; 0 ; 0 ; 0 ; 0 ;
0 ; 0 ; 0 ; 0 ; 0 ; 0 ; 0 ; 0 ; 0 ; 0 ; 0 ; 0 ; 0 ; 0 ; 0 ; 0 ; 1 ; 0 ; 0 ; 0 ;
0 ; 0 ; 0 ; 0 ; 0 ; 0 ; 0 ; 0 ; 0 ; 4 ; 0 ; 0 ; 0 ; 0 ; 0 ; 1 ; 1 ; 1 ; 0 ; 0 ;
0 ; 0 ; 0 ; 0 ; 0 ; 0 ; 0 ; 1 ; 1 ; 1 ; 1 ; 1 ; 1 ; 1 ; 0 ; 1 ; 1 ; 0 ; 0 ; 0 ;
0 ; 0 ; 0 ; 0 ; 0 ; 0 ; 0 ; 0 ; 1 ; 1 ; 1 ; 1 ; 1 ; 0 ; 0 ; 0 ; 0 ; 0 ; 0 ; 0 ;
0 ; 0 ; 0 ; 0 ; 0 ; 0 ; 0 ; 0 ; 0 ; 0 ; 1 ; 1 ; 0 ; 0 ; 0 ; 0 ; 0 ; 0 ; 0 ; 0 ;
0 ; 0 ; 0 ; 0 ; 0 ; 0 ; 4 ; 0 ; 0 ; 0 ; 0 ; 1 ; 0 ; 0 ; 0 ; 0 ; 0 ; 0 ; 0 ; 0 ;
0 ; 0 ; 0 ; 0 ; 0 ; 0 ; 0 ; 0 ; 0 ; 0 ; 0 ; 0 ; 0 ; 0 ; 0 ; 0 ; 0 ; 0 ; 0 ; 0 ;
0 ; 0 ; 0 ; 0 ; 1 ; 0 ; 0 ; 2 ; 2 ; 0 ; 0 ; 0 ; 0 ; 0 ; 0 ; 1 ; 1 ; 0 ; 0 ; 0 ;
0 ; 0 ; 0 ; 0 ; 1 ; 0 ; 0 ; 2 ; 2 ; 0 ; 0 ; 0 ; 0 ; 0 ; 0 ; 1 ; 1 ; 0 ; 0 ; 0 ;
0 ; 0 ; 1 ; 1 ; 1 ; 0 ; 0 ; 0 ; 2 ; 2 ; 0 ; 0 ; 0 ; 0 ; 0 ; 1 ; 0 ; 0 ; 0 ; 0 ;
0 ; 0 ; 0 ; 1 ; 1 ; 0 ; 0 ; 0 ; 0 ; 0 ; 3 ; 0 ; 0 ; 0 ; 0 ; 0 ; 0 ; 0 ; 0 ; 0 ;
0 ; 0 ; 0 ; 0 ; 0 ; 0 ; 0 ; 0 ; 0 ; 0 ; 0 ; 0 ; 0 ; 0 ; 0 ; 0 ; 0 ; 0 ; 0 ; 0 ;

& ;

20 ; 1400 ;
0 ; 0 ; 0 ; 0 ; 1 ; 1 ; 2 ; 2 ; 2 ; 2 ; 2 ; 2 ; 2 ; 2 ; 1 ; 1 ; 0 ; 0 ; 0 ; 0 ;
0 ; 0 ; 0 ; 0 ; 1 ; 1 ; 2 ; 2 ; 2 ; 2 ; 2 ; 2 ; 2 ; 2 ; 1 ; 1 ; 0 ; 0 ; 0 ; 0 ;
0 ; 0 ; 0 ; 0 ; 1 ; 1 ; 2 ; 2 ; 2 ; 2 ; 2 ; 2 ; 2 ; 2 ; 1 ; 1 ; 0 ; 0 ; 0 ; 0 ;
0 ; 0 ; 0 ; 0 ; 1 ; 1 ; 2 ; 2 ; 2 ; 2 ; 2 ; 2 ; 2 ; 2 ; 1 ; 1 ; 0 ; 0 ; 0 ; 0 ;
0 ; 0 ; 0 ; 0 ; 1 ; 1 ; 2 ; 2 ; 2 ; 2 ; 2 ; 2 ; 2 ; 2 ; 1 ; 1 ; 0 ; 0 ; 0 ; 0 ;
0 ; 0 ; 0 ; 0 ; 1 ; 1 ; 1 ; 1 ; 1 ; 1 ; 1 ; 1 ; 1 ; 1 ; 1 ; 1 ; 0 ; 0 ; 0 ; 0 ;
0 ; 0 ; 0 ; 0 ; 1 ; 1 ; 1 ; 1 ; 1 ; 1 ; 1 ; 1 ; 1 ; 1 ; 1 ; 1 ; 0 ; 0 ; 0 ; 0 ;
0 ; 0 ; 0 ; 0 ; 0 ; 0 ; 0 ; 0 ; 0 ; 4 ; 0 ; 0 ; 0 ; 0 ; 0 ; 0 ; 0 ; 0 ; 0 ; 0 ;
0 ; 0 ; 0 ; 0 ; 0 ; 0 ; 0 ; 0 ; 0 ; 0 ; 0 ; 0 ; 0 ; 0 ; 0 ; 0 ; 0 ; 0 ; 0 ; 0 ;
0 ; 0 ; 0 ; 0 ; 0 ; 0 ; 0 ; 3 ; 0 ; 0 ; 0 ; 0 ; 0 ; 0 ; 0 ; 0 ; 0 ; 0 ; 0 ; 0 ;
0 ; 0 ; 0 ; 0 ; 0 ; 0 ; 0 ; 0 ; 0 ; 0 ; 0 ; 0 ; 0 ; 0 ; 0 ; 0 ; 0 ; 0 ; 0 ; 0 ;
0 ; 0 ; 0 ; 0 ; 0 ; 0 ; 4 ; 0 ; 0 ; 0 ; 0 ; 0 ; 0 ; 0 ; 0 ; 0 ; 0 ; 0 ; 0 ; 0 ;
0 ; 0 ; 0 ; 0 ; 0 ; 0 ; 0 ; 0 ; 0 ; 0 ; 3 ; 0 ; 0 ; 0 ; 0 ; 0 ; 0 ; 0 ; 0 ; 0 ;
0 ; 0 ; 0 ; 0 ; 1 ; 1 ; 1 ; 1 ; 1 ; 1 ; 1 ; 1 ; 1 ; 1 ; 1 ; 1 ; 0 ; 0 ; 0 ; 0 ;
0 ; 0 ; 0 ; 0 ; 1 ; 1 ; 1 ; 1 ; 1 ; 1 ; 1 ; 1 ; 1 ; 1 ; 1 ; 1 ; 0 ; 0 ; 0 ; 0 ;
0 ; 0 ; 0 ; 0 ; 1 ; 1 ; 2 ; 2 ; 2 ; 2 ; 2 ; 2 ; 2 ; 2 ; 1 ; 1 ; 0 ; 0 ; 0 ; 0 ;
0 ; 0 ; 0 ; 0 ; 1 ; 1 ; 2 ; 2 ; 2 ; 2 ; 2 ; 2 ; 2 ; 2 ; 1 ; 1 ; 0 ; 0 ; 0 ; 0 ;
0 ; 0 ; 0 ; 0 ; 1 ; 1 ; 2 ; 2 ; 2 ; 2 ; 2 ; 2 ; 2 ; 2 ; 1 ; 1 ; 0 ; 0 ; 0 ; 0 ;
0 ; 0 ; 0 ; 0 ; 1 ; 1 ; 2 ; 2 ; 2 ; 2 ; 2 ; 2 ; 2 ; 2 ; 1 ; 1 ; 0 ; 0 ; 0 ; 0 ;
0 ; 0 ; 0 ; 0 ; 1 ; 1 ; 2 ; 2 ; 2 ; 2 ; 2 ; 2 ; 2 ; 2 ; 1 ; 1 ; 0 ; 0 ; 0 ; 0 ;

& ;

20 ; 1600 ;
0 ; 0 ; 0 ; 0 ; 0 ; 0 ; 0 ; 0 ; 0 ; 0 ; 0 ; 0 ; 0 ; 0 ; 0 ; 0 ; 0 ; 0 ; 0 ; 0 ;
0 ; 0 ; 0 ; 0 ; 0 ; 0 ; 0 ; 0 ; 4 ; 0 ; 0 ; 0 ; 0 ; 0 ; 0 ; 0 ; 0 ; 0 ; 0 ; 0 ;
0 ; 0 ; 0 ; 0 ; 0 ; 0 ; 0 ; 0 ; 0 ; 0 ; 0 ; 0 ; 0 ; 0 ; 2 ; 2 ; 0 ; 0 ; 0 ; 0 ;
0 ; 0 ; 0 ; 0 ; 0 ; 0 ; 0 ; 0 ; 1 ; 1 ; 0 ; 0 ; 0 ; 0 ; 2 ; 2 ; 0 ; 0 ; 0 ; 0 ;
0 ; 0 ; 0 ; 0 ; 0 ; 0 ; 0 ; 0 ; 1 ; 1 ; 0 ; 0 ; 0 ; 0 ; 2 ; 2 ; 0 ; 0 ; 0 ; 0 ;
0 ; 0 ; 0 ; 0 ; 0 ; 0 ; 0 ; 0 ; 1 ; 1 ; 1 ; 0 ; 0 ; 0 ; 0 ; 0 ; 0 ; 0 ; 0 ; 0 ;
0 ; 0 ; 0 ; 0 ; 0 ; 0 ; 0 ; 0 ; 1 ; 1 ; 1 ; 0 ; 0 ; 0 ; 0 ; 0 ; 0 ; 0 ; 0 ; 0 ;
0 ; 0 ; 0 ; 0 ; 0 ; 0 ; 0 ; 3 ; 1 ; 1 ; 1 ; 1 ; 0 ; 0 ; 0 ; 0 ; 0 ; 0 ; 0 ; 0 ;
0 ; 0 ; 0 ; 0 ; 0 ; 0 ; 0 ; 1 ; 1 ; 1 ; 1 ; 1 ; 0 ; 0 ; 0 ; 0 ; 0 ; 0 ; 0 ; 0 ;
0 ; 0 ; 0 ; 0 ; 1 ; 1 ; 1 ; 1 ; 1 ; 1 ; 1 ; 1 ; 1 ; 1 ; 1 ; 0 ; 0 ; 0 ; 0 ; 0 ;
0 ; 0 ; 0 ; 1 ; 1 ; 1 ; 1 ; 1 ; 1 ; 1 ; 1 ; 1 ; 1 ; 1 ; 1 ; 1 ; 0 ; 0 ; 0 ; 0 ;
0 ; 0 ; 0 ; 0 ; 0 ; 0 ; 0 ; 1 ; 1 ; 1 ; 0 ; 0 ; 0 ; 0 ; 1 ; 1 ; 0 ; 0 ; 0 ; 0 ;
0 ; 0 ; 0 ; 0 ; 0 ; 0 ; 0 ; 0 ; 1 ; 1 ; 0 ; 0 ; 0 ; 0 ; 0 ; 0 ; 0 ; 0 ; 0 ; 0 ;
0 ; 0 ; 0 ; 0 ; 0 ; 0 ; 3 ; 0 ; 1 ; 1 ; 0 ; 2 ; 2 ; 0 ; 0 ; 0 ; 0 ; 0 ; 0 ; 0 ;
0 ; 0 ; 0 ; 0 ; 0 ; 0 ; 0 ; 1 ; 1 ; 1 ; 0 ; 2 ; 2 ; 2 ; 0 ; 0 ; 0 ; 0 ; 0 ; 0 ;
0 ; 0 ; 0 ; 0 ; 0 ; 0 ; 0 ; 1 ; 0 ; 1 ; 0 ; 0 ; 2 ; 2 ; 0 ; 0 ; 0 ; 0 ; 0 ; 0 ;
0 ; 0 ; 0 ; 0 ; 0 ; 0 ; 0 ; 0 ; 0 ; 0 ; 0 ; 0 ; 0 ; 0 ; 0 ; 0 ; 0 ; 0 ; 0 ; 0 ;
0 ; 0 ; 2 ; 2 ; 0 ; 0 ; 0 ; 0 ; 0 ; 0 ; 0 ; 0 ; 0 ; 0 ; 0 ; 0 ; 0 ; 0 ; 0 ; 0 ;
0 ; 0 ; 2 ; 2 ; 2 ; 0 ; 0 ; 0 ; 4 ; 0 ; 0 ; 0 ; 0 ; 0 ; 0 ; 0 ; 0 ; 0 ; 0 ; 0 ;
0 ; 2 ; 2 ; 2 ; 2 ; 0 ; 0 ; 0 ; 0 ; 0 ; 0 ; 0 ; 0 ; 0 ; 0 ; 0 ; 0 ; 0 ; 0 ; 0 ;

& ;

20 ; 1800 ;
0 ; 0 ; 0 ; 1 ; 1 ; 1 ; 1 ; 1 ; 1 ; 1 ; 1 ; 1 ; 1 ; 1 ; 1 ; 1 ; 1 ; 0 ; 0 ; 0 ;
0 ; 0 ; 0 ; 0 ; 0 ; 1 ; 1 ; 1 ; 1 ; 1 ; 1 ; 1 ; 1 ; 1 ; 1 ; 0 ; 0 ; 0 ; 0 ; 0 ;
0 ; 0 ; 0 ; 0 ; 0 ; 0 ; 0 ; 1 ; 1 ; 1 ; 1 ; 1 ; 1 ; 0 ; 0 ; 0 ; 0 ; 0 ; 0 ; 0 ;
0 ; 0 ; 0 ; 0 ; 0 ; 0 ; 0 ; 0 ; 0 ; 1 ; 1 ; 0 ; 0 ; 0 ; 0 ; 0 ; 0 ; 0 ; 0 ; 0 ;
0 ; 0 ; 0 ; 0 ; 1 ; 0 ; 0 ; 4 ; 0 ; 0 ; 0 ; 0 ; 0 ; 0 ; 0 ; 1 ; 0 ; 0 ; 0 ; 0 ;
0 ; 0 ; 0 ; 0 ; 1 ; 1 ; 1 ; 0 ; 0 ; 0 ; 0 ; 0 ; 0 ; 1 ; 1 ; 1 ; 0 ; 0 ; 0 ; 0 ;
0 ; 0 ; 0 ; 0 ; 0 ; 1 ; 1 ; 1 ; 1 ; 0 ; 3 ; 1 ; 1 ; 1 ; 1 ; 0 ; 0 ; 0 ; 0 ; 0 ;
0 ; 0 ; 0 ; 0 ; 0 ; 0 ; 1 ; 1 ; 1 ; 1 ; 1 ; 1 ; 1 ; 0 ; 0 ; 0 ; 0 ; 0 ; 0 ; 0 ;
0 ; 0 ; 0 ; 0 ; 2 ; 0 ; 0 ; 0 ; 1 ; 1 ; 1 ; 1 ; 0 ; 0 ; 0 ; 2 ; 0 ; 0 ; 0 ; 0 ;
0 ; 0 ; 0 ; 2 ; 2 ; 0 ; 3 ; 0 ; 0 ; 0 ; 0 ; 0 ; 0 ; 0 ; 0 ; 2 ; 2 ; 0 ; 0 ; 0 ;
0 ; 0 ; 0 ; 2 ; 2 ; 0 ; 0 ; 0 ; 0 ; 0 ; 0 ; 0 ; 0 ; 0 ; 0 ; 2 ; 2 ; 0 ; 0 ; 0 ;
0 ; 0 ; 0 ; 0 ; 2 ; 0 ; 0 ; 0 ; 1 ; 1 ; 1 ; 1 ; 0 ; 0 ; 0 ; 2 ; 0 ; 0 ; 0 ; 0 ;
0 ; 0 ; 0 ; 0 ; 0 ; 0 ; 0 ; 1 ; 1 ; 1 ; 1 ; 1 ; 1 ; 0 ; 0 ; 0 ; 0 ; 0 ; 0 ; 0 ;
0 ; 0 ; 0 ; 0 ; 0 ; 1 ; 1 ; 1 ; 1 ; 0 ; 0 ; 1 ; 1 ; 1 ; 1 ; 0 ; 0 ; 0 ; 0 ; 0 ;
0 ; 0 ; 0 ; 0 ; 1 ; 1 ; 1 ; 0 ; 0 ; 4 ; 0 ; 0 ; 0 ; 1 ; 1 ; 1 ; 0 ; 0 ; 0 ; 0 ;
0 ; 0 ; 0 ; 0 ; 1 ; 0 ; 0 ; 0 ; 0 ; 0 ; 0 ; 0 ; 0 ; 0 ; 0 ; 1 ; 0 ; 0 ; 0 ; 0 ;
0 ; 0 ; 0 ; 0 ; 0 ; 0 ; 0 ; 0 ; 0 ; 1 ; 1 ; 0 ; 0 ; 0 ; 0 ; 0 ; 0 ; 0 ; 0 ; 0 ;
0 ; 0 ; 0 ; 0 ; 0 ; 0 ; 0 ; 1 ; 1 ; 1 ; 1 ; 1 ; 1 ; 0 ; 0 ; 0 ; 0 ; 0 ; 0 ; 0 ;
0 ; 0 ; 0 ; 0 ; 0 ; 1 ; 1 ; 1 ; 1 ; 1 ; 1 ; 1 ; 1 ; 1 ; 1 ; 0 ; 0 ; 0 ; 0 ; 0 ;
0 ; 0 ; 0 ; 1 ; 1 ; 1 ; 1 ; 1 ; 1 ; 1 ; 1 ; 1 ; 1 ; 1 ; 1 ; 1 ; 1 ; 0 ; 0 ; 0 ;

& ;

20 ; 2000 ;
0 ; 0 ; 0 ; 0 ; 0 ; 0 ; 0 ; 0 ; 0 ; 0 ; 2 ; 0 ; 0 ; 0 ; 0 ; 0 ; 0 ; 0 ; 0 ; 0 ;
0 ; 0 ; 0 ; 0 ; 0 ; 0 ; 4 ; 0 ; 0 ; 2 ; 2 ; 0 ; 0 ; 0 ; 0 ; 0 ; 0 ; 0 ; 0 ; 0 ;
0 ; 0 ; 1 ; 1 ; 1 ; 0 ; 0 ; 0 ; 0 ; 2 ; 0 ; 0 ; 0 ; 0 ; 0 ; 0 ; 0 ; 0 ; 0 ; 0 ;
0 ; 0 ; 1 ; 1 ; 1 ; 0 ; 0 ; 0 ; 0 ; 2 ; 0 ; 0 ; 0 ; 2 ; 2 ; 0 ; 0 ; 0 ; 0 ; 0 ;
0 ; 0 ; 0 ; 0 ; 1 ; 1 ; 0 ; 0 ; 2 ; 2 ; 0 ; 0 ; 2 ; 2 ; 2 ; 2 ; 0 ; 0 ; 0 ; 0 ;
0 ; 0 ; 0 ; 0 ; 1 ; 1 ; 0 ; 0 ; 2 ; 2 ; 0 ; 0 ; 2 ; 2 ; 2 ; 2 ; 0 ; 0 ; 0 ; 0 ;
0 ; 0 ; 0 ; 0 ; 1 ; 1 ; 0 ; 2 ; 2 ; 0 ; 0 ; 0 ; 0 ; 2 ; 2 ; 0 ; 0 ; 1 ; 0 ; 0 ;
0 ; 0 ; 0 ; 0 ; 0 ; 0 ; 0 ; 2 ; 0 ; 0 ; 0 ; 0 ; 0 ; 2 ; 2 ; 0 ; 0 ; 1 ; 0 ; 0 ;
0 ; 0 ; 0 ; 0 ; 0 ; 0 ; 0 ; 2 ; 0 ; 0 ; 0 ; 0 ; 0 ; 2 ; 0 ; 0 ; 0 ; 0 ; 0 ; 0 ;
0 ; 0 ; 0 ; 0 ; 0 ; 0 ; 0 ; 0 ; 0 ; 0 ; 0 ; 0 ; 0 ; 2 ; 0 ; 0 ; 0 ; 0 ; 0 ; 0 ;
0 ; 0 ; 0 ; 0 ; 0 ; 3 ; 0 ; 0 ; 0 ; 0 ; 0 ; 0 ; 2 ; 2 ; 0 ; 0 ; 0 ; 0 ; 0 ; 0 ;
0 ; 0 ; 0 ; 0 ; 0 ; 0 ; 0 ; 0 ; 2 ; 0 ; 0 ; 0 ; 2 ; 2 ; 0 ; 0 ; 0 ; 0 ; 0 ; 0 ;
0 ; 0 ; 0 ; 0 ; 0 ; 0 ; 0 ; 0 ; 2 ; 0 ; 0 ; 0 ; 2 ; 0 ; 0 ; 0 ; 0 ; 1 ; 0 ; 0 ;
0 ; 0 ; 0 ; 0 ; 0 ; 0 ; 0 ; 0 ; 2 ; 2 ; 3 ; 0 ; 2 ; 0 ; 0 ; 0 ; 1 ; 1 ; 0 ; 0 ;
0 ; 0 ; 0 ; 0 ; 0 ; 0 ; 0 ; 0 ; 0 ; 2 ; 0 ; 0 ; 0 ; 0 ; 0 ; 0 ; 1 ; 1 ; 0 ; 0 ;
0 ; 0 ; 0 ; 0 ; 0 ; 0 ; 0 ; 0 ; 0 ; 2 ; 0 ; 0 ; 0 ; 0 ; 0 ; 0 ; 0 ; 1 ; 0 ; 0 ;
0 ; 0 ; 0 ; 1 ; 1 ; 0 ; 0 ; 0 ; 0 ; 2 ; 2 ; 0 ; 0 ; 2 ; 2 ; 0 ; 0 ; 0 ; 0 ; 0 ;
0 ; 0 ; 1 ; 1 ; 1 ; 0 ; 0 ; 0 ; 0 ; 4 ; 2 ; 0 ; 0 ; 2 ; 2 ; 0 ; 0 ; 0 ; 0 ; 0 ;
0 ; 0 ; 1 ; 1 ; 0 ; 0 ; 0 ; 0 ; 0 ; 0 ; 2 ; 0 ; 0 ; 2 ; 2 ; 0 ; 0 ; 0 ; 0 ; 0 ;
0 ; 0 ; 0 ; 0 ; 0 ; 0 ; 0 ; 0 ; 0 ; 0 ; 2 ; 0 ; 0 ; 2 ; 2 ; 0 ; 0 ; 0 ; 0 ; 0 ;

& ;

20 ; 2200 ;
0 ; 0 ; 0 ; 1 ; 0 ; 4 ; 0 ; 1 ; 0 ; 0 ; 0 ; 1 ; 0 ; 0 ; 0 ; 1 ; 0 ; 0 ; 0 ; 0 ;
0 ; 0 ; 0 ; 0 ; 0 ; 1 ; 0 ; 0 ; 0 ; 1 ; 0 ; 0 ; 0 ; 1 ; 0 ; 0 ; 0 ; 0 ; 0 ; 0 ;
0 ; 0 ; 0 ; 1 ; 1 ; 1 ; 1 ; 1 ; 1 ; 1 ; 1 ; 1 ; 1 ; 1 ; 1 ; 1 ; 1 ; 0 ; 0 ; 0 ;
0 ; 0 ; 0 ; 1 ; 0 ; 0 ; 0 ; 0 ; 0 ; 1 ; 1 ; 0 ; 0 ; 0 ; 0 ; 0 ; 1 ; 0 ; 0 ; 0 ;
0 ; 0 ; 0 ; 1 ; 0 ; 0 ; 0 ; 0 ; 0 ; 1 ; 1 ; 0 ; 0 ; 0 ; 0 ; 0 ; 1 ; 0 ; 0 ; 0 ;
0 ; 0 ; 0 ; 1 ; 0 ; 0 ; 1 ; 4 ; 0 ; 1 ; 1 ; 0 ; 0 ; 1 ; 0 ; 0 ; 1 ; 0 ; 0 ; 0 ;
0 ; 0 ; 0 ; 1 ; 0 ; 0 ; 1 ; 0 ; 0 ; 1 ; 1 ; 0 ; 0 ; 1 ; 0 ; 0 ; 1 ; 0 ; 0 ; 0 ;
0 ; 0 ; 0 ; 1 ; 0 ; 0 ; 1 ; 0 ; 0 ; 1 ; 1 ; 0 ; 0 ; 1 ; 0 ; 0 ; 1 ; 0 ; 0 ; 0 ;
0 ; 0 ; 0 ; 1 ; 0 ; 0 ; 1 ; 0 ; 0 ; 1 ; 1 ; 0 ; 0 ; 1 ; 0 ; 0 ; 1 ; 0 ; 0 ; 0 ;
0 ; 0 ; 0 ; 0 ; 0 ; 0 ; 1 ; 0 ; 0 ; 0 ; 0 ; 0 ; 0 ; 1 ; 0 ; 0 ; 0 ; 0 ; 0 ; 0 ;
0 ; 0 ; 0 ; 0 ; 0 ; 0 ; 1 ; 0 ; 0 ; 0 ; 0 ; 0 ; 0 ; 1 ; 0 ; 0 ; 0 ; 0 ; 0 ; 0 ;
0 ; 0 ; 0 ; 1 ; 0 ; 0 ; 1 ; 0 ; 0 ; 1 ; 1 ; 0 ; 0 ; 1 ; 0 ; 0 ; 1 ; 0 ; 0 ; 0 ;
0 ; 0 ; 0 ; 1 ; 0 ; 0 ; 1 ; 0 ; 0 ; 1 ; 1 ; 0 ; 0 ; 1 ; 0 ; 0 ; 1 ; 0 ; 0 ; 0 ;
0 ; 0 ; 0 ; 1 ; 0 ; 3 ; 1 ; 0 ; 0 ; 1 ; 1 ; 0 ; 0 ; 1 ; 0 ; 0 ; 1 ; 0 ; 0 ; 0 ;
0 ; 0 ; 0 ; 1 ; 0 ; 0 ; 1 ; 0 ; 0 ; 1 ; 1 ; 0 ; 0 ; 1 ; 0 ; 0 ; 1 ; 0 ; 0 ; 0 ;
0 ; 0 ; 0 ; 1 ; 0 ; 0 ; 0 ; 0 ; 0 ; 1 ; 1 ; 0 ; 0 ; 0 ; 0 ; 0 ; 1 ; 0 ; 0 ; 0 ;
0 ; 0 ; 0 ; 1 ; 0 ; 0 ; 0 ; 0 ; 0 ; 1 ; 1 ; 0 ; 0 ; 0 ; 0 ; 0 ; 1 ; 0 ; 0 ; 0 ;
0 ; 0 ; 0 ; 1 ; 1 ; 1 ; 1 ; 1 ; 1 ; 1 ; 1 ; 1 ; 1 ; 1 ; 1 ; 1 ; 1 ; 0 ; 0 ; 0 ;
0 ; 0 ; 0 ; 0 ; 0 ; 1 ; 0 ; 0 ; 0 ; 1 ; 0 ; 0 ; 0 ; 1 ; 0 ; 0 ; 0 ; 0 ; 0 ; 0 ;
0 ; 0 ; 0 ; 1 ; 0 ; 0 ; 0 ; 1 ; 3 ; 0 ; 0 ; 1 ; 0 ; 0 ; 0 ; 1 ; 0 ; 0 ; 0 ; 0 ;

& ;

20 ; 2400 ;
0 ; 0 ; 0 ; 0 ; 0 ; 0 ; 0 ; 0 ; 0 ; 0 ; 0 ; 0 ; 0 ; 0 ; 0 ; 0 ; 0 ; 0 ; 0 ; 0 ;
0 ; 0 ; 0 ; 0 ; 0 ; 0 ; 0 ; 0 ; 0 ; 0 ; 0 ; 0 ; 1 ; 0 ; 0 ; 0 ; 0 ; 0 ; 0 ; 0 ;
0 ; 0 ; 0 ; 0 ; 0 ; 0 ; 0 ; 0 ; 0 ; 0 ; 0 ; 0 ; 1 ; 0 ; 0 ; 0 ; 0 ; 0 ; 0 ; 0 ;
0 ; 0 ; 0 ; 1 ; 1 ; 1 ; 0 ; 0 ; 0 ; 4 ; 0 ; 0 ; 0 ; 0 ; 0 ; 0 ; 0 ; 0 ; 0 ; 0 ;
0 ; 0 ; 0 ; 1 ; 1 ; 1 ; 0 ; 0 ; 0 ; 0 ; 2 ; 0 ; 0 ; 0 ; 0 ; 0 ; 0 ; 0 ; 0 ; 0 ;
0 ; 0 ; 0 ; 0 ; 1 ; 0 ; 0 ; 0 ; 0 ; 2 ; 2 ; 3 ; 0 ; 0 ; 0 ; 0 ; 0 ; 0 ; 0 ; 0 ;
0 ; 0 ; 0 ; 0 ; 0 ; 0 ; 0 ; 0 ; 2 ; 2 ; 2 ; 0 ; 0 ; 1 ; 1 ; 1 ; 0 ; 0 ; 0 ; 0 ;
0 ; 0 ; 0 ; 0 ; 0 ; 0 ; 0 ; 0 ; 2 ; 2 ; 2 ; 2 ; 0 ; 0 ; 1 ; 1 ; 0 ; 0 ; 0 ; 0 ;
0 ; 0 ; 0 ; 0 ; 0 ; 0 ; 0 ; 2 ; 2 ; 2 ; 2 ; 2 ; 0 ; 0 ; 1 ; 1 ; 0 ; 0 ; 0 ; 0 ;
0 ; 0 ; 0 ; 0 ; 0 ; 0 ; 0 ; 2 ; 2 ; 2 ; 2 ; 2 ; 1 ; 0 ; 1 ; 1 ; 1 ; 0 ; 0 ; 0 ;
0 ; 0 ; 0 ; 0 ; 0 ; 0 ; 0 ; 2 ; 2 ; 2 ; 2 ; 1 ; 1 ; 0 ; 0 ; 0 ; 0 ; 0 ; 0 ; 0 ;
0 ; 0 ; 0 ; 0 ; 0 ; 0 ; 2 ; 2 ; 2 ; 0 ; 1 ; 1 ; 0 ; 0 ; 0 ; 0 ; 0 ; 0 ; 0 ; 0 ;
0 ; 0 ; 0 ; 0 ; 0 ; 0 ; 2 ; 2 ; 2 ; 0 ; 0 ; 0 ; 0 ; 0 ; 0 ; 0 ; 0 ; 0 ; 0 ; 0 ;
0 ; 0 ; 0 ; 0 ; 0 ; 0 ; 0 ; 0 ; 0 ; 0 ; 0 ; 0 ; 0 ; 0 ; 0 ; 0 ; 0 ; 0 ; 0 ; 0 ;
0 ; 0 ; 0 ; 1 ; 0 ; 0 ; 0 ; 0 ; 0 ; 0 ; 0 ; 0 ; 0 ; 0 ; 0 ; 0 ; 0 ; 0 ; 0 ; 0 ;
0 ; 0 ; 0 ; 1 ; 0 ; 0 ; 3 ; 0 ; 0 ; 0 ; 0 ; 0 ; 0 ; 1 ; 1 ; 0 ; 0 ; 0 ; 0 ; 0 ;
0 ; 0 ; 0 ; 1 ; 1 ; 0 ; 0 ; 0 ; 0 ; 0 ; 0 ; 0 ; 1 ; 1 ; 1 ; 0 ; 0 ; 0 ; 0 ; 0 ;
0 ; 0 ; 0 ; 1 ; 1 ; 0 ; 0 ; 0 ; 0 ; 0 ; 0 ; 0 ; 0 ; 0 ; 0 ; 0 ; 0 ; 0 ; 0 ; 0 ;
0 ; 0 ; 0 ; 0 ; 0 ; 0 ; 2 ; 2 ; 4 ; 0 ; 0 ; 0 ; 0 ; 0 ; 0 ; 0 ; 0 ; 0 ; 0 ; 0 ;
0 ; 0 ; 0 ; 0 ; 0 ; 2 ; 2 ; 2 ; 2 ; 2 ; 0 ; 0 ; 0 ; 0 ; 0 ; 0 ; 0 ; 0 ; 0 ; 0 ;

& ;

20 ; 2600 ;
0 ; 0 ; 0 ; 0 ; 0 ; 0 ; 0 ; 0 ; 0 ; 0 ; 0 ; 0 ; 0 ; 0 ; 0 ; 0 ; 0 ; 0 ; 0 ; 0 ;
0 ; 0 ; 1 ; 1 ; 0 ; 0 ; 0 ; 0 ; 0 ; 0 ; 4 ; 0 ; 0 ; 0 ; 0 ; 1 ; 1 ; 0 ; 0 ; 0 ;
0 ; 0 ; 0 ; 0 ; 1 ; 0 ; 0 ; 0 ; 0 ; 0 ; 0 ; 0 ; 0 ; 0 ; 1 ; 0 ; 0 ; 0 ; 0 ; 0 ;
0 ; 0 ; 0 ; 0 ; 1 ; 3 ; 0 ; 0 ; 0 ; 0 ; 0 ; 0 ; 0 ; 0 ; 1 ; 0 ; 0 ; 0 ; 0 ; 0 ;
0 ; 0 ; 1 ; 1 ; 0 ; 0 ; 1 ; 1 ; 1 ; 1 ; 1 ; 1 ; 0 ; 0 ; 0 ; 1 ; 1 ; 0 ; 0 ; 0 ;
0 ; 0 ; 0 ; 0 ; 0 ; 0 ; 1 ; 2 ; 2 ; 2 ; 2 ; 1 ; 0 ; 0 ; 0 ; 0 ; 0 ; 0 ; 0 ; 0 ;
0 ; 0 ; 0 ; 0 ; 1 ; 1 ; 1 ; 2 ; 2 ; 2 ; 2 ; 1 ; 1 ; 1 ; 0 ; 0 ; 0 ; 0 ; 0 ; 0 ;
0 ; 0 ; 0 ; 0 ; 1 ; 2 ; 2 ; 2 ; 2 ; 2 ; 2 ; 2 ; 2 ; 1 ; 0 ; 0 ; 0 ; 0 ; 0 ; 0 ;
0 ; 0 ; 0 ; 0 ; 1 ; 2 ; 2 ; 2 ; 2 ; 2 ; 2 ; 2 ; 2 ; 1 ; 0 ; 0 ; 0 ; 0 ; 0 ; 0 ;
0 ; 0 ; 0 ; 0 ; 1 ; 2 ; 2 ; 2 ; 2 ; 2 ; 2 ; 2 ; 2 ; 1 ; 0 ; 0 ; 0 ; 0 ; 0 ; 0 ;
0 ; 0 ; 0 ; 0 ; 1 ; 2 ; 2 ; 2 ; 2 ; 2 ; 2 ; 2 ; 2 ; 1 ; 0 ; 0 ; 0 ; 0 ; 0 ; 0 ;
0 ; 0 ; 0 ; 0 ; 1 ; 2 ; 2 ; 2 ; 2 ; 2 ; 2 ; 2 ; 2 ; 1 ; 0 ; 0 ; 0 ; 0 ; 0 ; 0 ;
0 ; 0 ; 0 ; 0 ; 1 ; 1 ; 1 ; 2 ; 2 ; 2 ; 2 ; 1 ; 1 ; 1 ; 0 ; 0 ; 0 ; 0 ; 0 ; 0 ;
0 ; 0 ; 0 ; 0 ; 0 ; 0 ; 1 ; 2 ; 2 ; 2 ; 2 ; 1 ; 0 ; 0 ; 0 ; 0 ; 0 ; 0 ; 0 ; 0 ;
0 ; 0 ; 0 ; 0 ; 0 ; 0 ; 1 ; 1 ; 1 ; 1 ; 1 ; 1 ; 0 ; 0 ; 0 ; 0 ; 0 ; 0 ; 0 ; 0 ;
0 ; 0 ; 1 ; 1 ; 0 ; 0 ; 0 ; 0 ; 0 ; 0 ; 0 ; 0 ; 0 ; 0 ; 0 ; 1 ; 1 ; 0 ; 0 ; 0 ;
0 ; 0 ; 0 ; 0 ; 1 ; 0 ; 0 ; 0 ; 0 ; 0 ; 0 ; 0 ; 0 ; 0 ; 1 ; 0 ; 0 ; 0 ; 0 ; 0 ;
0 ; 0 ; 0 ; 0 ; 1 ; 0 ; 4 ; 0 ; 0 ; 0 ; 0 ; 0 ; 0 ; 0 ; 1 ; 0 ; 0 ; 0 ; 0 ; 0 ;
0 ; 0 ; 1 ; 1 ; 0 ; 0 ; 0 ; 0 ; 0 ; 0 ; 0 ; 0 ; 3 ; 0 ; 0 ; 1 ; 1 ; 0 ; 0 ; 0 ;
0 ; 0 ; 0 ; 0 ; 0 ; 0 ; 0 ; 0 ; 0 ; 0 ; 0 ; 0 ; 0 ; 0 ; 0 ; 0 ; 0 ; 0 ; 0 ; 0 ;

& ;

20 ; 5000 ;
0 ; 0 ; 0 ; 0 ; 0 ; 0 ; 0 ; 0 ; 0 ; 0 ; 0 ; 0 ; 2 ; 1 ; 1 ; 1 ; 1 ; 1 ; 1 ; 1 ;
0 ; 0 ; 0 ; 0 ; 0 ; 1 ; 1 ; 1 ; 1 ; 0 ; 0 ; 0 ; 2 ; 2 ; 1 ; 0 ; 0 ; 0 ; 0 ; 1 ;
0 ; 0 ; 0 ; 0 ; 0 ; 0 ; 4 ; 1 ; 1 ; 0 ; 0 ; 0 ; 0 ; 0 ; 0 ; 0 ; 0 ; 0 ; 0 ; 1 ;
0 ; 0 ; 0 ; 0 ; 0 ; 0 ; 0 ; 1 ; 1 ; 0 ; 0 ; 0 ; 0 ; 0 ; 0 ; 0 ; 0 ; 0 ; 0 ; 1 ;
0 ; 0 ; 0 ; 0 ; 0 ; 0 ; 0 ; 1 ; 1 ; 0 ; 0 ; 0 ; 2 ; 2 ; 1 ; 0 ; 0 ; 0 ; 0 ; 1 ;
0 ; 0 ; 0 ; 0 ; 0 ; 1 ; 1 ; 1 ; 1 ; 0 ; 0 ; 0 ; 2 ; 1 ; 1 ; 0 ; 0 ; 0 ; 0 ; 1 ;
0 ; 0 ; 0 ; 0 ; 0 ; 0 ; 0 ; 0 ; 0 ; 0 ; 0 ; 0 ; 2 ; 2 ; 1 ; 0 ; 0 ; 0 ; 0 ; 1 ;
0 ; 0 ; 0 ; 0 ; 0 ; 0 ; 0 ; 3 ; 0 ; 0 ; 0 ; 0 ; 0 ; 2 ; 1 ; 1 ; 0 ; 0 ; 1 ; 1 ;
0 ; 0 ; 0 ; 0 ; 1 ; 1 ; 1 ; 1 ; 0 ; 0 ; 0 ; 0 ; 0 ; 2 ; 1 ; 0 ; 0 ; 0 ; 0 ; 1 ;
0 ; 0 ; 0 ; 0 ; 0 ; 0 ; 1 ; 1 ; 0 ; 0 ; 0 ; 0 ; 0 ; 2 ; 1 ; 0 ; 0 ; 0 ; 0 ; 1 ;
0 ; 0 ; 0 ; 0 ; 0 ; 0 ; 1 ; 1 ; 0 ; 0 ; 0 ; 0 ; 2 ; 2 ; 1 ; 0 ; 0 ; 0 ; 0 ; 1 ;
0 ; 0 ; 0 ; 0 ; 0 ; 0 ; 1 ; 1 ; 0 ; 0 ; 0 ; 2 ; 2 ; 2 ; 1 ; 0 ; 0 ; 0 ; 0 ; 1 ;
0 ; 0 ; 0 ; 0 ; 1 ; 1 ; 1 ; 1 ; 0 ; 3 ; 2 ; 2 ; 2 ; 2 ; 1 ; 1 ; 0 ; 0 ; 1 ; 1 ;
0 ; 0 ; 0 ; 0 ; 0 ; 0 ; 0 ; 0 ; 0 ; 2 ; 2 ; 2 ; 1 ; 1 ; 1 ; 0 ; 0 ; 0 ; 0 ; 1 ;
0 ; 0 ; 0 ; 0 ; 0 ; 0 ; 0 ; 0 ; 2 ; 2 ; 2 ; 2 ; 1 ; 1 ; 1 ; 0 ; 0 ; 0 ; 0 ; 1 ;
0 ; 0 ; 0 ; 1 ; 1 ; 1 ; 1 ; 1 ; 1 ; 1 ; 1 ; 1 ; 1 ; 1 ; 1 ; 0 ; 0 ; 0 ; 0 ; 1 ;
0 ; 0 ; 0 ; 1 ; 1 ; 0 ; 0 ; 0 ; 1 ; 0 ; 0 ; 0 ; 1 ; 0 ; 0 ; 0 ; 0 ; 0 ; 0 ; 1 ;
0 ; 0 ; 0 ; 1 ; 1 ; 4 ; 1 ; 0 ; 1 ; 0 ; 1 ; 0 ; 1 ; 0 ; 1 ; 0 ; 0 ; 0 ; 0 ; 1 ;
0 ; 0 ; 0 ; 0 ; 0 ; 0 ; 1 ; 0 ; 0 ; 0 ; 1 ; 0 ; 0 ; 0 ; 1 ; 0 ; 0 ; 0 ; 0 ; 1 ;
0 ; 0 ; 0 ; 1 ; 1 ; 1 ; 1 ; 1 ; 1 ; 1 ; 1 ; 1 ; 1 ; 1 ; 1 ; 1 ; 1 ; 1 ; 1 ; 1 ;

& ;
